111100000
111100001
111100010
111100011
111100100
111100101
111100110
111100111
001001101
101100101
101100101
101100101
001110101
001001111
101100111
101100111
001100111
000111110
001011110
001011110
001011110
001001110
111100010
011101000
001001101
011101001
001111101
000001011
001001010
100110011
010110011
000000011
101100010
101100010
101100010
101100010
100110011
101100011
101100011
101100011
101100011
001001110
010110011
000000011
101100010
101100010
100110011
101100011
101100011
001001110
010110011
000000011
101100010
100110011
101100011
001001110
010110011
000000011
101100010
100110011
001001110
010110011
001100110
111100010
111100011
001110011
100111000
111100011
000000010
000001011
100000010
100000011
101011010
111100011
001011110
001001110
011110011
101011010
101100010
101100010
101100010
101100010
101100010
101100010
101100010
001001110
010110010
001100110
001111110
111100010
111100011
001110010
100110001
001100011
001100011
001100011
001100011
001100011
001100011
100111000
111100010
111100011
010100000
001001100
010100001
001111100
111100000
111100001
111100010
111100011
111100111
001110011
000000000
000000000
111100000
111100001
001001000
101100000
101100000
001001000
010000111
111100000
111100111
011100000
001001100
011100001
001111100
100110000
100111001
100000000
100000001
101001000
011110001
001001110
101001000
001001111
101100111
101100111
001011111
001011111
001011111
001010111
011111001
101000001
101100001
101100001
101100001
101100001
101100001
101100001
101100001
010111001
111100000
111100001
111100010
111100011
001001111
000111000
001111111
011000000
001100111
001100111
001100111
001111111
011111001
001011111
001011111
001011111
001011111
001001111
001011010
001011010
001001010
101100010
101100010
101100010
000010011
001001011
101100011
001100111
001100111
001110111
011111111
001001111
000000000
110000111
111000001
111100000
111100001
111100010
111100011
111100011
111100011
111100011
001001000
101100000
101100000
001001000
010000111
111100000
111100111
001001111
101100111
101100111
001011111
001011111
001011111
001010111
001010111
011111000
001110111
001100111
001100111
001100111
011111001
001011111
001011111
001011111
001011111
001011010
101100010
101100010
001011010
001011010
001010010
000010011
001011011
001001011
001100111
001100111
001110111
011111111
110000111
111000001
111100000
111100001
111100010
111100011
111100011
111100011
001001000
101100000
101100000
001001000
010000111
111100000
111100111
001001111
101100111
101100111
001011111
001011111
001011111
001010111
001011111
011111000
001101111
001100111
001100111
001101111
011111001
001011111
001011111
001011111
001010111
001001010
101100010
101100010
001001010
101100010
101100010
001001010
101100010
000010011
001010011
001100111
001100111
001110111
011111111
110000111
111000001
111100000
111100001
111100010
111100011
111100110
111100111
001001110
101100110
101100110
001011110
001011110
001011110
001010110
011110000
001011110
001011110
001010110
010110100
001001110
010110101
001100110
001100110
001100110
001110110
000100010
001001100
000100011
001111100
000010100
000011101
111100010
111100011
101100000
111100001
111100010
111100011
111100100
111100101
001011001
001011001
001011001
001011001
001011001
001001001
001010011
110001000
110111100
001001010
110001000
111011100
001001010
110000001
111011100
001010010
111100001
001001001
101100001
101100001
101100001
101100001
001101011
101011001
001011011
100101000
111100011
111100001
001001101
001011011
001011011
001011011
001011011
001011011
001010011
110010101
110111100
001001001
111100101
111100011
001101011
001101011
001101011
101100001
101100001
101100001
101100001
101100001
101100001
101100001
001001101
110000101
111011100
111100011
001001011
101100011
101100011
001011011
001011011
001011011
001011011
001011011
001011011
001001011
011011100
001001100
011100101
001111100
011100100
111100011
001011011
001011011
001001011
110011000
111011111
101001101
000000000
000000000
000000000
000000000
000000000
110000011
111011111
101001100
000000000
000000000
000000000
000000000
000000000
000010001
000100010
000101011
111100100
111100101
111100111
111100000
001011111
001011111
001001111
101100111
101100111
101100111
100110111
101100111
001011100
001011100
001010100
100110100
000111000
101000100
000100010
101100010
101100010
101100010
111100100
111100111
101100011
101100011
101100011
101100011
101100011
001100111
001100111
001100111
001100111
100111111
000111000
101000010
111100111
001011111
001011111
001001111
100111111
000111011
101100001
101100001
101001011
111100000
111100001
111100111
001001111
101100111
101100111
001011111
001011111
001011111
001011111
001011111
001011111
001001111
011111100
001001111
011111101
001110111
011111000
001001000
010111000
010100010
001001100
010100011
001111100
001100111
001100111
001100111
001010100
001010101
001011001
001011001
001011001
001011001
001011001
001100111
011111010
001001111
011111011
001100111
001101111
111100110
000111110
001011110
001011110
001011110
001001110
110001000
111011010
