111100000
111100001
111100010
111100011
111100100
111100101
111100110
111100111
001001101
101100101
101100101
101100101
001110101
001001111
101100111
101100111
001100111
111100000
111100001
111100010
111100011
011100001
001001100
011100000
001111100
101100000
101100000
101100000
001011010
001011010
001001010
101100010
101100010
101100010
100110000
111100010
001011010
001011010
001011010
001011010
001011010
101100010
101100010
101100010
101100010
100110001
101100001
101100001
101100001
101001000
000000001
100000001
111100010
111100011
001001010
100110001
101001000
001001101
010101000
001111101
111100001
111100010
111100011
001100010
001100010
001100010
001100010
100110000
011100001
111100010
001011010
001011010
001011010
001011010
001010010
100110001
101000001
000001000
100000001
111100010
111100011
001011010
001011010
001011010
001011010
001010010
100110000
101001000
101100000
101100000
101100000
101100000
010101000
111100000
111100001
111100010
111100011
001001101
011101000
001111101
111100011
001011010
101100010
101100010
101100010
101100010
001011010
101100010
101100010
100110000
111100010
111100011
011100001
001011010
001011010
001011010
001011010
001001010
100110001
001111010
000010011
100101011
111100010
001001010
100101010
101100011
101100011
101100011
101100011
101100011
101100011
101100010
101100010
101100010
101100010
101100010
101100010
101100010
101011010
000010001
101001000
000000001
100000000
111100010
001010010
100110001
101001000
101100000
101100000
101100000
101100000
101100000
101100000
111100010
111100011
011101001
101001000
010101000
111100001
111100010
111100011
001001010
101100010
101100010
001001010
101100010
101100010
001001010
101100010
100110000
000000001
111100011
001001101
011101000
001111101
101100010
001001010
101100010
100110000
101100001
101001000
100000000
101100000
101100000
101100000
101100000
101100000
101100000
101100000
011101001
101001000
010101000
111100001
111100010
111100011
100000000
111100010
001001010
100110000
000000001
001001101
011101000
001111101
100000000
111100010
001001010
100110000
101001000
011101001
101001000
010101000
111100000
111100001
111100010
111100011
001010100
001010101
001011111
001011111
001011111
001011111
001011111
001011111
001011111
001001111
011111000
001001000
010111000
001100111
001100111
001100111
001100111
001100111
001110111
011111010
001001111
011111011
001111111
001011001
001011001
001011001
001011001
001011001
110001000
111011010